.days_in_month <- c(31L, 28L, 31L, 30L, 31L, 30L, 31L, 31L, 30L, 31L, 30L, 31L)
